0.852426 -0.522848
1.39311 0.31838
0.497202 -0.125866
0.815221 -1.07395
-0.128444 -1.40485
0.0728967 -0.425332
-0.33583 -1.33799
-1.09785 -1.98554
-1.7956 -2.70188
-0.79871 -2.78062
-0.838741 -1.78142
-0.572058 -2.74521
-1.55117 -2.94855
-0.87531 -3.68558
-1.87422 -3.73216
-2.85612 -3.92158
-3.30599 -3.02849
-2.68128 -3.80935
-1.88172 -4.40993
-1.56044 -3.46295
-1.32214 -4.43415
-1.70099 -3.50869
-2.68075 -3.30854
-2.64361 -4.30785
-2.93311 -3.35067
-3.11068 -4.33478
-2.25172 -4.84682
-1.2636 -4.69314
-2.26151 -4.75772
-3.23271 -4.99597
-4.20984 -4.78332
-3.21877 -4.64999
-2.55962 -3.89798
-1.76375 -4.50345
-1.12492 -3.7341
-0.656695 -4.61771
-0.395474 -3.65243
-0.971173 -2.83477
-0.732753 -1.86361
-0.0888023 -1.09854
-0.536214 -0.204216
0.170742 0.503041
0.48845 1.45123
-0.283408 0.815435
0.715764 0.856118
0.0544579 0.106002
-0.880382 0.461072
-0.26503 -0.327181
0.651314 -0.727573
0.626281 -1.72726
-0.191967 -2.30213
0.579501 -2.93839
1.37643 -2.33432
0.402527 -2.10737
0.387989 -1.10748
-0.546856 -0.752421
-1.54305 -0.839613
-0.621144 -1.22703
-0.942672 -0.280133
-0.190481 -0.939079
-0.93246 -1.6095
-1.45058 -2.46481
-0.450606 -2.45692
0.482893 -2.09834
0.406172 -1.10129
0.283775 -2.09377
0.364412 -1.09703
-0.598885 -0.828589
-0.0719713 0.0213302
0.864654 -0.329003
1.62335 0.322438
1.90932 -0.635802
2.87809 -0.387866
1.89399 -0.565469
0.940805 -0.263086
0.789921 -1.25164
-0.203344 -1.13577
-1.17897 -1.35522
-0.369297 -0.768336
0.031012 0.148044
-0.877688 -0.269406
-0.151523 0.418114
-0.721274 -0.403703
0.258244 -0.202348
-0.52683 0.417054
-0.26194 1.38133
-0.636042 2.30872
-0.0450512 1.50204
-0.95263 1.92193
-0.564464 1.00034
-1.5253 1.27746
-1.27741 2.24625
-0.486452 2.85811
0.425221 3.26903
0.559399 4.25999
1.55469 4.16308
2.27804 4.85356
3.01698 5.52733
3.89502 5.04876
4.8948 5.07012
4.5195 4.14321
5.49905 3.94201
4.76558 3.26228
4.91434 4.25116
3.96932 4.57817
3.14605 4.01052
4.1317 3.84172
4.45349 2.89491
5.06703 3.68458
4.08663 3.8816
3.09213 3.98634
2.31229 3.36036
3.27196 3.64151
4.04152 3.00294
4.29552 2.03574
4.51291 1.05965
5.51101 0.998011
5.45047 1.99618
4.48962 1.7191
4.68303 2.70022
4.03376 1.93966
3.43649 1.13763
2.53603 0.702686
3.52918 0.585885
3.7383 -0.392007
3.21774 -1.24583
4.18665 -1.49324
3.64326 -0.653763
4.50783 -1.15627
5.40693 -0.718519
6.35859 -1.02567
6.24864 -2.01961
5.78704 -1.13252
5.29998 -0.25915
6.24541 0.0666784
7.01569 -0.571023
6.37474 -1.3386
7.33123 -1.04684
8.19511 -1.55055
7.20067 -1.6559
6.23357 -1.91031
5.28234 -2.21877
6.01165 -1.53459
6.62291 -0.74316
5.76045 -1.24928
4.99113 -0.610408
4.77028 0.3649
5.41513 1.12921
5.7986 2.05276
5.02067 1.42441
5.30029 0.464296
6.16899 -0.0310312
5.17073 -0.0899302
4.24426 -0.466302
3.74306 -1.33163
4.19999 -2.22114
3.60414 -3.02424
2.64302 -3.30038
3.63892 -3.20992
2.64675 -3.08505
3.19877 -2.25121
2.81047 -1.32968
2.12444 -0.602105
2.83666 -1.30407
3.832 -1.4005
4.0706 -0.42938
3.38599 0.299526
3.93609 -0.535575
3.33738 -1.33654
4.07744 -0.664006
4.94984 -1.15281
5.73141 -0.528986
5.18372 0.307696
6.18367 0.297507
5.19296 0.161465
5.57555 1.08539
5.20754 2.01521
6.0515 1.47881
5.36672 0.750062
4.36857 0.689224
3.49938 0.194744
3.46366 -0.804618
2.72999 -0.125105
1.86834 -0.632594
2.64492 -0.00257947
1.97881 -0.748431
1.86836 0.24545
2.20144 1.18835
1.84598 0.253658
1.26653 1.06867
2.2606 0.959916
1.37017 1.41502
0.727719 2.18135
0.453983 3.14316
1.21344 2.49261
2.13303 2.09972
2.77732 2.8645
2.32589 3.75681
1.93813 4.67857
1.31574 5.46127
0.728833 6.27093
0.788132 5.27269
1.25142 4.38648
0.820689 5.28896
1.28807 4.40491
2.13075 4.94332
2.87827 4.27909
3.71106 3.7255
3.86127 2.73685
3.28932 3.55713
3.28384 4.55712
3.98363 3.84277
3.95148 2.84329
4.80371 3.36647
3.80383 3.3819
3.1589 4.14615
3.01197 3.157
2.72761 4.11572
2.94936 3.14062
3.15626 4.11898
2.69638 3.231
3.59183 2.78583
2.59623 2.87953
3.56426 2.6287
4.55265 2.78063
3.76358 2.16633
2.81315 1.85538
2.92908 0.862124
2.12711 0.264765
1.43068 -0.452862
1.01257 -1.36126
1.79183 -1.98796
1.65385 -0.997521
1.08459 -0.175359
0.560791 0.676482
0.393259 1.66235
-0.521871 1.25919
-0.938751 0.350227
-1.92703 0.197557
-1.30315 0.979079
-0.303157 0.975231
-1.30006 1.05392
-1.13624 0.0674318
-0.23293 -0.361547
-0.420428 -1.34381
0.384871 -0.750943
1.37512 -0.890233
1.20612 -1.87585
0.310623 -2.32092
-0.67163 -2.13336
0.259234 -1.76799
-0.125968 -2.69083
-0.689763 -1.86491
-0.158884 -2.71236
-1.01736 -2.1995
-1.94117 -1.81666
-2.58196 -1.04894
-2.65622 -0.051703
-2.54223 0.941779
-1.57398 0.691828
-2.31481 1.36351
-1.3329 1.17418
-1.0809 2.14191
-0.225726 1.62356
0.0172789 0.653537
-0.710549 1.3393
0.183947 1.78637
0.102366 0.789707
0.475514 -0.138065
0.741056 -1.10216
-0.200835 -1.43808
-0.274341 -0.440787
-1.23932 -0.703122
-2.11656 -0.22307
-2.72385 0.571406
-2.38389 -0.369031
-1.73669 -1.13135
-2.55398 -1.70758
-1.68034 -2.19415
-2.51465 -1.64285
-1.74446 -1.00503
-0.763322 -1.19835
-1.64221 -1.67538
-1.67729 -2.67476
-2.34655 -3.41778
-1.81809 -2.56883
-2.31311 -3.43771
-1.93484 -4.36341
-2.31669 -3.43919
-2.98391 -2.69433
-3.82364 -2.15132
-2.83123 -2.27433
-2.11052 -1.58109
-1.70074 -0.66891
-2.61822 -1.0667
-1.67847 -0.724844
-1.46669 0.252475
-1.76917 -0.700683
-2.65243 -1.16956
-2.89037 -0.198278
-2.06897 0.37208
-1.97631 -0.623618
-2.27041 0.332156
-3.2662 0.423824
-2.37187 0.871231
-3.25699 0.405879
-4.24813 0.273067
-3.9834 -0.691254
-4.98336 -0.699615
-5.0472 -1.69758
-5.51783 -2.57991
-4.58346 -2.93622
-5.5701 -3.09912
-6.17275 -3.89712
-5.43405 -4.57116
-5.80374 -5.50031
-5.99315 -4.51842
-5.21847 -3.88606
-4.54725 -4.62732
-5.32145 -3.99437
-5.79496 -3.11358
-6.37571 -3.92766
-6.41082 -4.92705
-7.10113 -5.65056
-7.86248 -6.2989
-7.09802 -5.65423
-6.1366 -5.92931
-5.49073 -5.16585
-5.77436 -4.20692
-6.03673 -5.17188
-6.12143 -6.16829
-5.20681 -6.57261
-6.16509 -6.85846
-7.15523 -6.71844
-6.22993 -7.09766
-5.89276 -6.15621
-4.89915 -6.26902
-4.0836 -6.84771
-3.37567 -6.14143
-4.1009 -6.82994
-3.16539 -7.18325
-3.02586 -6.19304
-3.38223 -7.12738
-3.51138 -6.13576
-2.86767 -6.90103
-2.53365 -7.8436
-3.2258 -8.56535
-4.20966 -8.3864
-5.14266 -8.02654
-4.15234 -8.16534
-5.06064 -8.58366
-4.66 -9.4999
-5.51863 -8.98731
-6.33494 -8.4097
-5.34989 -8.58196
-5.40476 -7.58347
-4.59135 -8.16516
-3.73661 -7.64611
-3.15041 -8.45627
-4.13762 -8.61566
-5.01233 -9.10032
-4.11343 -8.66215
-3.42995 -7.93218
-4.25591 -8.49591
-5.00007 -7.82791
-4.34995 -7.06808
-3.49469 -7.58628
-3.75446 -8.55195
-4.75329 -8.50355
-5.34189 -9.31197
-5.08355 -10.278
-4.99683 -11.2743
-5.27622 -10.3141
-4.85838 -9.40555
-4.82472 -10.405
-3.83965 -10.5772
-3.98301 -9.58749
-4.54938 -8.76334
-3.97482 -9.5818
-4.45502 -8.70464
-4.52902 -9.7019
-3.71343 -10.2805
-4.67985 -10.0236
-4.6283 -11.0222
-3.6787 -11.3357
-3.713 -10.3363
-4.59077 -10.8154
-4.85336 -9.85048
-5.84038 -9.68983
-6.37941 -8.84755
-6.75776 -7.92189
-7.26424 -7.05963
-7.00529 -6.09374
-7.98192 -5.87884
-7.63552 -6.81693
-6.64817 -6.65837
-6.08272 -5.83358
-5.39165 -5.1108
-6.35865 -5.36558
-5.37087 -5.20972
-5.01238 -6.14325
-5.41063 -5.22598
-6.36218 -4.91848
-6.56837 -3.93997
-7.22629 -4.69306
-6.99564 -3.72002
-6.02367 -3.48491
-6.88814 -3.9876
-5.94529 -4.32083
-5.60849 -3.37925
-4.9457 -4.12806
-4.14405 -3.53027
-4.27048 -2.5383
-3.37707 -2.98755
-2.40701 -2.74468
-1.84292 -3.57039
-1.68873 -4.55843
-2.42274 -3.8793
-2.17182 -4.84731
-3.16594 -4.95554
-2.17515 -4.82012
-1.53347 -5.58709
-2.48487 -5.27915
-1.48608 -5.3282
-2.38087 -5.77468
-2.16372 -6.75082
-1.17164 -6.87641
-1.85988 -7.60189
-1.28441 -6.78407
-2.19919 -6.38012
-2.95668 -5.72728
-2.00844 -5.40972
-1.87013 -6.40011
-1.48413 -5.47761
-2.30707 -4.90948
-2.58185 -5.87099
-1.58204 -5.8515
-1.21716 -4.92044
-2.15491 -5.26774
-3.15038 -5.36288
-2.55825 -4.55704
-3.52827 -4.31402
-4.35264 -3.74796
-4.73835 -4.67058
-3.87041 -4.17391
-3.0758 -4.78103
-3.39205 -3.83235
-3.71936 -2.88744
-2.77071 -2.57111
-3.74092 -2.81339
-4.34398 -2.0157
-4.82296 -2.89352
-5.04384 -1.91822
-4.67204 -0.989906
-5.66276 -0.853964
-6.30715 -1.61865
-7.08949 -0.995793
-7.83691 -0.331444
-7.30335 0.514323
-7.62655 -0.432008
-8.56876 -0.767049
-7.83627 -0.0862684
-7.15594 -0.819176
-6.89044 -1.78329
-7.85383 -2.0514
-6.87734 -1.83583
-7.83373 -1.54375
-8.75777 -1.16145
-8.91875 -2.14841
-8.57256 -1.21025
-9.56065 -1.05635
-8.64609 -0.651899
-7.72827 -1.04891
-7.10858 -1.83375
-7.74269 -1.06051
-7.26224 -0.18348
-8.0983 -0.732121
-8.59967 -1.59735
-7.83939 -2.24694
-7.38989 -3.14022
-8.1439 -2.48336
-9.13867 -2.58543
-9.84623 -3.29209
-9.50125 -4.23071
-10.4995 -4.1718
-11.036 -5.0157
-10.2699 -5.65839
-9.54735 -6.34972
-10.0594 -7.20865
-9.68755 -8.13693
-9.39523 -7.18061
-10.3475 -7.48598
-10.2798 -8.48369
-11.0353 -7.82847
-11.8347 -8.42919
-10.8423 -8.30682
-10.543 -9.26099
-11.4263 -8.79227
-12.3333 -9.21345
-12.0934 -8.24265
-12.9893 -8.68698
-12.4547 -7.84189
-12.3038 -8.83044
-11.3338 -8.58724
-10.3386 -8.68494
-9.62932 -9.38988
-9.62344 -10.3899
-8.84951 -9.75659
-9.83091 -9.56466
-9.10409 -8.87784
-9.04888 -7.87936
-8.50797 -7.03828
-8.6439 -8.029
-9.58382 -7.68762
-10.5518 -7.43669
-9.60374 -7.75471
-8.98316 -8.53885
-9.86473 -9.01092
-9.81469 -8.01217
-10.5475 -7.33178
-9.55734 -7.19208
-10.5233 -7.45069
-10.3011 -8.42569
-9.43729 -7.92188
-10.3766 -7.57882
-10.7402 -8.51038
-9.74821 -8.63663
-8.91379 -9.18775
-7.96298 -9.49752
-7.38697 -8.68008
-8.11112 -9.36972
-7.20765 -8.94106
-7.28208 -7.94384
-7.44435 -8.93058
-7.26115 -9.91366
-8.2088 -9.59432
-7.38438 -9.02833
-7.20139 -8.04522
-7.80324 -7.24661
-8.79395 -7.11065
-9.78247 -6.95955
-10.7798 -7.03286
-10.7498 -6.03331
-9.8497 -6.469
-10.8238 -6.69524
-11.8231 -6.65862
-12.6124 -6.04457
-13.593 -6.24068
-13.953 -7.17361
-13.3972 -8.00492
-12.4818 -7.60237
-12.0259 -8.49241
-11.0298 -8.5804
-10.9017 -7.58864
-10.5062 -8.5071
-10.4734 -7.50764
-10.1348 -8.44857
-11.0317 -8.00643
-12.0303 -7.95312
-11.4299 -7.15344
-10.6849 -7.82048
-11.2011 -6.96405
-11.7962 -7.76769
-12.5542 -7.1154
-12.4786 -8.11254
-12.5089 -9.11208
-11.5799 -8.74204
-11.1027 -9.62083
-10.6846 -10.5292
-9.68873 -10.6203
-10.6884 -10.5935
-10.532 -11.5812
-10.4453 -12.5774
-11.1822 -13.2534
-10.6029 -14.0685
-10.0593 -13.2292
-10.2958 -14.2008
-11.2439 -13.8829
-11.8804 -14.6542
-11.1563 -13.9644
-12.0661 -14.3796
-13.0632 -14.4551
-13.7544 -13.7324
-14.0835 -14.6767
-14.8799 -15.2814
-13.9332 -15.6035
-13.945 -14.6035
-13.1681 -15.2331
-14.147 -15.4373
-14.5735 -16.3418
-14.7873 -15.3649
-13.8098 -15.1536
-14.0115 -16.1331
-14.8306 -16.7066
-14.4599 -15.7779
-15.3222 -15.2716
-14.3523 -15.515
-13.3705 -15.3252
-12.9869 -14.4017
-13.6058 -15.1872
-13.7171 -16.1809
-12.8747 -15.6421
-13.8305 -15.9361
-13.6128 -16.9121
-12.9146 -16.1962
-12.696 -15.2204
-12.2718 -14.3148
-11.3047 -14.0604
-10.9584 -14.9986
-11.5108 -15.8321
-12.1831 -15.0918
-11.2906 -15.5428
-10.4235 -15.0445
-10.1214 -15.9978
-10.3061 -15.015
-11.2027 -14.572
-10.2051 -14.6418
-9.27131 -14.9996
-8.58482 -15.7268
-9.44699 -16.2334
-8.4579 -16.3807
-9.42432 -16.6377
-10.3891 -16.3745
-9.39523 -16.2637
-8.5128 -15.7933
-7.70972 -16.3891
-7.15988 -15.5538
-6.41896 -16.2254
-5.81673 -15.4271
-5.84315 -16.4268
-5.23876 -17.2234
-5.45148 -16.2463
-4.77678 -16.9844
-5.7637 -16.8232
-6.67379 -17.2376
-7.67255 -17.2875
-7.90969 -18.259
-8.55844 -17.498
-9.12113 -18.3246
-9.97191 -17.7991
-8.97272 -17.8394
-8.30568 -18.5844
-8.00174 -19.5371
-8.85306 -20.0618
-9.1887 -21.0038
-8.20218 -20.8401
-8.27946 -19.8431
-9.03216 -19.1847
-9.07028 -18.1855
-9.81338 -17.5163
-10.7329 -17.1233
-10.5643 -18.109
-9.57265 -17.9802
-10.5723 -17.9534
-11.3867 -18.5337
-11.314 -17.5363
-12.1099 -16.9309
-13.1097 -16.9487
-12.9952 -17.9421
-12.2285 -17.3001
-11.7461 -18.176
-10.7544 -18.0476
-10.123 -18.823
-9.65938 -17.937
-9.49439 -18.9232
-10.4683 -19.15
-11.1024 -19.9233
-11.1399 -20.9226
-11.5366 -21.8406
-10.5388 -21.7735
-11.465 -22.1506
-12.4287 -21.8834
-12.8306 -20.9677
-13.7409 -20.5537
-14.5464 -21.1463
-14.4447 -22.1411
-13.861 -21.3291
-12.8625 -21.2738
-13.8623 -21.2541
-13.6531 -20.2763
-14.2128 -19.4475
-14.899 -20.1749
-14.5198 -21.1002
-13.6459 -21.5864
-13.1545 -20.7154
-13.8364 -19.9839
-12.8948 -19.6471
-13.8812 -19.8112
-14.0245 -20.8009
-14.9529 -21.1724
-13.9611 -21.0445
-13.5184 -20.1478
-14.2903 -19.5121
-14.2394 -18.5134
-15.2086 -18.2669
-16.1835 -18.0445
-16.2463 -19.0425
-16.7646 -18.1873
-17.491 -17.5001
-16.9579 -18.3461
-17.5832 -17.5657
-18.4637 -17.0916
-19.0769 -17.8816
-18.4239 -17.1242
-18.7561 -18.0674
-19.5934 -17.5206
-18.6937 -17.0843
-17.6938 -17.1006
-16.6989 -17.2011
-17.4407 -16.5305
-16.942 -17.3973
-15.9524 -17.2537
-15.8996 -16.2551
-16.8954 -16.1637
-17.8948 -16.1274
-16.91 -16.3012
-17.4031 -15.4312
-17.9804 -14.6147
-18.9228 -14.2803
-19.6385 -13.5818
-20.5108 -14.0708
-20.0543 -14.9605
-19.8856 -13.9749
-20.6671 -14.5988
-19.7432 -14.2163
-20.7082 -14.4784
-21.5775 -14.9727
-21.0603 -15.8286
-21.7511 -16.5517
-20.7933 -16.2643
-20.0277 -15.621
-19.1941 -15.0687
-19.295 -14.0738
-18.4691 -14.6376
-18.0046 -13.752
-17.4882 -14.6083
-17.3106 -13.6242
-16.3145 -13.5366
-16.9647 -14.2963
-17.5354 -13.4752
-18.3203 -14.0949
-19.0328 -13.3933
-18.3295 -14.1042
-17.517 -14.6871
-16.7021 -14.1074
-15.7203 -14.2972
-14.8079 -13.8879
-14.3181 -14.7597
-13.8292 -15.6321
-14.7603 -15.9967
-13.9058 -16.5162
-14.7143 -15.9277
-14.9244 -14.95
-13.9244 -14.9467
-13.0388 -14.4823
-12.2552 -13.8609
-12.2546 -14.8609
-11.2654 -15.0078
-12.0404 -14.3759
-11.2715 -15.0152
-10.4597 -15.5991
-9.89287 -14.7752
-9.79888 -13.7797
-10.2401 -12.8823
-10.476 -13.854
-11.1765 -13.1403
-10.1772 -13.1797
-10.2609 -14.1762
-9.93066 -13.2323
-8.93547 -13.3302
-8.30809 -12.5515
-8.85587 -11.7149
-9.84255 -11.5522
-10.836 -11.6663
-11.3147 -12.5443
-11.7358 -11.6373
-11.7949 -12.6355
-10.935 -12.125
-10.0852 -11.5979
-9.55444 -10.7504
-8.73282 -10.1803
-8.89586 -11.167
-9.67544 -11.7933
-9.74936 -12.7905
-10.3208 -11.9699
-10.0868 -10.9976
-9.74764 -11.9384
-9.29962 -12.8324
-8.83251 -11.9482
-8.05321 -12.5748
-8.15307 -13.5698
-8.81243 -14.3217
-8.80543 -13.3217
-7.91239 -13.7717
-7.94828 -12.7723
-7.10978 -12.2274
-7.15167 -11.2283
-6.92707 -10.2538
-6.04665 -9.77963
-6.88668 -9.23707
-7.86088 -9.0114
-8.13272 -8.04905
-9.07152 -7.70461
-9.40955 -8.64574
-8.88519 -9.49724
-8.61347 -10.4596
-9.59861 -10.6314
-9.02569 -11.451
-8.1302 -11.0059
-7.30012 -10.4483
-6.49634 -11.0432
-5.84621 -10.2833
-6.71917 -10.7711
-7.40331 -10.0418
-6.53767 -10.5425
-5.56559 -10.7771
-6.2304 -10.0301
-5.47914 -9.37007
-4.96982 -10.2306
-5.55404 -11.0422
-4.99573 -11.8719
-3.99781 -11.9365
-3.06726 -12.3026
-3.92067 -12.8239
-4.68889 -12.1837
-5.42639 -12.859
-4.42699 -12.8937
-3.60276 -12.3274
-4.06549 -13.2139
-3.08091 -13.3889
-2.14389 -13.0396
-1.46236 -12.3078
-2.46223 -12.2919
-2.38363 -13.2888
-2.02051 -14.2205
-2.35224 -13.2771
-3.23917 -13.739
-3.32184 -14.7356
-4.21351 -14.2829
-4.33384 -15.2757
-3.59833 -15.9532
-3.32181 -16.9142
-2.69957 -17.697
-3.49218 -18.3067
-4.21983 -17.6208
-3.4758 -16.9526
-2.5797 -17.3965
-1.66156 -17.7927
-0.751632 -18.2075
-0.023328 -17.5223
-1.00442 -17.7158
-0.0680303 -17.3648
-0.817402 -16.7027
-1.70893 -17.1557
-2.70494 -17.0664
-1.75985 -17.3932
-2.7597 -17.3759
-1.81648 -17.7081
-2.80376 -17.5491
-2.55475 -16.5806
-1.92699 -17.359
-2.54899 -16.576
-2.45726 -15.5802
-3.35452 -15.1387
-3.27074 -16.1352
-2.30311 -15.8828
-3.0867 -16.5041
-2.12577 -16.2273
-2.89591 -16.8652
-1.91915 -17.0795
-2.86379 -17.4076
-2.45917 -18.3221
-3.44857 -18.4674
-3.77907 -17.5236
-4.77899 -17.5365
-4.1278 -16.7776
-3.18472 -16.4451
-4.1749 -16.5849
-4.86437 -17.3092
-4.28169 -16.4965
-3.36831 -16.0894
-3.44149 -15.0921
-4.43135 -14.95
-3.46038 -15.1892
-3.98128 -16.0428
-4.98118 -16.0571
-3.98986 -15.9256
-4.75935 -15.287
-4.54346 -16.2634
-4.88266 -15.3227
-3.88828 -15.4286
-4.22465 -16.3703
-3.88388 -15.4302
-2.95483 -15.0602
-3.72827 -15.6941
-4.22149 -14.8242
-3.63362 -15.6331
-4.61715 -15.4524
-4.27475 -16.3919
-3.70338 -17.2126
-4.50374 -16.6131
-5.0407 -17.4567
-6.0043 -17.1894
-6.43318 -16.286
-5.44034 -16.1665
-4.88971 -17.0013
-4.25101 -16.2318
-5.24531 -16.3385
-4.73684 -15.4774
-3.73687 -15.4697
-4.36233 -14.6895
-3.40444 -14.4023
-3.86145 -15.2918
-3.44962 -14.3805
-3.06596 -15.304
-2.41103 -14.5483
-2.53864 -13.5565
-2.91142 -12.6286
-2.98972 -11.6317
-2.04639 -11.9635
-2.20371 -12.9511
-2.17355 -11.9515
-1.81516 -12.8851
-0.902295 -12.4768
-0.173828 -13.1619
0.608845 -13.7843
-0.0221065 -13.0085
0.674716 -13.7258
1.35504 -14.4587
0.863598 -13.5878
0.998396 -14.5786
0.0529574 -14.9044
1.04857 -14.8109
0.0576955 -14.6762
-0.242287 -13.7222
0.70907 -14.0303
1.68433 -13.8092
2.6687 -13.6331
2.05509 -12.8435
2.80009 -12.1765
3.79646 -12.0913
3.46653 -11.1473
4.44987 -11.3291
4.65989 -12.3068
3.66429 -12.4005
3.69522 -13.4
4.44544 -12.7388
3.84691 -13.5399
4.33087 -14.415
5.28271 -14.1084
5.29981 -13.1086
4.30581 -12.9992
3.42878 -12.5187
3.12757 -13.4723
3.69973 -12.6522
4.42783 -11.9667
4.13763 -12.9237
4.05568 -13.9203
3.54566 -13.0601
3.37166 -12.0754
2.66467 -12.7826
3.62719 -13.0538
4.28603 -13.8061
5.20606 -13.4142
4.80897 -12.4965
3.93242 -12.0152
3.80859 -13.0075
4.48257 -13.7462
4.40529 -12.7492
4.92049 -11.8921
5.87498 -12.1904
5.52401 -13.1268
6.38261 -12.6141
7.30192 -12.2206
7.18611 -11.2273
8.18491 -11.1784
8.52017 -10.2362
8.99378 -11.117
8.47359 -10.2629
8.9682 -11.132
8.30941 -11.8844
8.02357 -10.9261
7.07108 -10.6215
6.89306 -9.63751
6.1419 -10.2976
5.15331 -10.147
4.98787 -11.1332
4.25586 -11.8145
4.47104 -12.7911
4.861 -13.7119
5.83548 -13.4874
4.99859 -12.94
5.94038 -12.6038
6.04213 -11.609
5.51896 -10.7568
5.38418 -9.76592
4.90907 -10.6458
5.62425 -9.94691
6.36069 -10.6234
7.36004 -10.5872
